4
4 0 1 2 7
4 3 4 5 6
4 8 10 11 12
4 9 13 14 30
4 15 16 17 18
4 19 20 21 37
4 22 23 24 25
4 26 27 28 39
4 29 31 33 42
4 32 34 35 43
4 36 38 40 41
4 44 45 46 47
4 48 49 50 52
4 51 53 54 55
4 56 57 58 60
4 59 61 64 65
4 62 63 66 69
4 67 68 70 71
4 72 73 77 78
4 74 75 76 79
4 80 81 82 83
4 84 85 86 87
4 88 89 90 91
4 92 93 94 96
4 95 97 98 102
4 99 100 101 104
4 103 105 106 108
4 107 110 111 115
4 109 112 113 116
4 114 117 119 120
4 118 121 123 124
4 122 125 126 128
4 127 129 130 132
4 131 133 134 136
4 135 137 138 139
4 140 141 142 146
4 143 144 145 147
4 148 149 150 152
4 151 153 154 155
4 156 158 159 162
4 157 160 161 164
4 163 165 167 167
4 168 169 170 174
4 171 172 173 175
4 176 177 178 179
4 180 181 182 185
4 183 184 186 187
4 188 189 190 191
4 192 193 196 194
4 195 197 202 202
4 198 199 200 203
4 204 205 207 208
4 206 210 212 214
4 209 213 217 219
4 211 215 216 218
4 220 221 222 225
4 223 224 226 228
4 227 229 230 231
4 232 233 234 236
4 235 237 239 240
3
3 238 241 242
3 243 244 245
3 246 247 248
3 249 250 251
3 252 253 255
3 254 256 257
3 258 259 261
3 260 262 263
3 264 265 266
3 267 268 269
3 270 271 273
3 272 274 276
3 275 277 278
3 279 280 286
3 281 282 283
3 284 285 288
3 287 289 292
3 290 291 293
3 294 295 296
3 297 298 299
3 300 301 303
3 302 304 306
3 305 307 308
3 309 310 313
3 311 314 315
3 312 316 317
3 318 319 320
3 321 322 324
3 323 325 326
3 327 328 329
3 330 332 333
3 331 334 336
3 335 337 340
3 338 339 341
3 342 343 344
3 345 346 347
3 348 349 350
3 351 352 353
3 354 355 356
3 357 358 359
3 360 361 362
3 363 364 365
3 366 367 368
3 369 370 374
3 371 372 375
3 373 376 377
3 378 379 383
3 380 381 384
3 382 385 387
3 386 388 389
3 390 391 392
3 393 394 395
3 396 397 399
3 398 400 402
3 401 403 404
3 405 406 407
3 408 409 410
3 411 412 413
3 414 419 420
3 415 416 418
2
2 417 421
2 422 423
2 424 425
2 426 427
2 428 429
2 430 431
2 432 433
2 434 437
2 435 436
2 438 439
2 440 441
2 442 443
2 444 445
2 446 447
2 448 449
2 450 451
2 452 454
2 453 455
2 456 457
2 458 459
2 460 461
2 462 463
2 464 465
2 466 467
2 468 470
2 469 471
2 472 473
2 474 475
2 476 477
2 478 479
2 480 481
2 482 486
2 483 484
2 485 487
2 488 489
2 490 491
2 492 493
2 494 495
2 496 497
2 498 499
